# L7

l7_entry16_top_50_descending = [25456, 30513, 31259, 27527, 4861, 24426, 24848, 12283, 7451, 20882, 24324, 15268, 18553, 9771, 22454, 509, 24328, 14441, 9636, 12039, 8128, 24213, 8137, 30054, 1055, 260, 1895, 7039, 10099, 16942, 25391, 18057, 2698, 150, 29527, 13617, 9319, 15063, 2434, 15688, 14810, 27887, 11989, 22853, 31922, 21008, 29923, 26308, 5422, 6755]

l7_entry16_bottom_50_ascending = [18936, 10018, 3738, 18158, 8493, 14813, 22766, 21028, 29183, 8386, 2814, 17780, 20098, 4597, 3376, 18675, 2162, 10645, 10768, 15030, 3832, 10911, 26776, 30952, 7557, 7248, 18468, 1580, 10431, 11932, 10020, 7285, 16195, 29124, 10153, 20609, 1098, 24018, 13856, 6851, 18795, 16603, 235, 16182, 136, 21419, 24863, 10309, 31352, 14416]

# L15

l15_entry16_top_50_descending = [578, 196, 13403, 20197, 31660, 13659, 24996, 6390, 23536, 15738, 19041, 28081, 13482, 23424, 25158, 22874, 30932, 13911, 2749, 7967, 4008, 7853, 29147, 29751, 25656, 20992, 25479, 6522, 31070, 26128, 15465, 29005, 3227, 11648, 14040, 7678, 8312, 10843, 24813, 3698, 8161, 28600, 25474, 1199, 6250, 1263, 18916, 25372, 29504, 3683]

l15_entry16_bottom_50_ascending = [1565, 12742, 30875, 3069, 2840, 29630, 10684, 29169, 1976, 31126, 24701, 31266, 28674, 13897, 9432, 13226, 2620, 32252, 28577, 222, 24491, 14434, 29565, 25364, 29142, 30322, 22648, 14942, 15703, 21129, 2450, 9940, 32249, 13194, 11112, 10520, 10288, 27730, 19745, 11983, 28060, 14001, 32174, 223, 6816, 16849, 327, 18627, 21853, 9784]

# L23

l23_entry16_top_50_descending = [14078, 4356, 22495, 4675, 10170, 28449, 11780, 10227, 26664, 5529, 22885, 22364, 7506, 26336, 32081, 23755, 15404, 25471, 25140, 4475, 877, 24510, 2852, 3989, 3753, 10429, 3044, 10858, 11491, 19506, 14417, 3217, 20564, 7226, 22024, 9757, 11026, 10903, 31659, 19392, 3683, 14276, 17515, 21155, 9076, 10010, 14156, 17761, 804, 20443]

l23_entry16_bottom_50_ascending = [15703, 32744, 1898, 20486, 7314, 14616, 19679, 12856, 8978, 23423, 10914, 26518, 11756, 18170, 25782, 14362, 23960, 6797, 25716, 30447, 21612, 7731, 6639, 3012, 12508, 25881, 30464, 1977, 16420, 19198, 16145, 21178, 28446, 22368, 8008, 20183, 32200, 15688, 8542, 669, 8644, 21161, 23942, 21490, 7939, 10792, 24347, 25874, 19474, 26580]

