l7_top_50_descending = [9345, 5365, 14176, 31365, 6720, 32629, 19880, 9384, 20414, 25205, 32391, 30768, 31422, 9463, 15224, 23809, 28259, 24295, 6520, 27971, 13666, 23, 11422, 8488, 14416, 30893, 1599, 23451, 26876, 23195, 29066, 5058, 24643, 20603, 17523, 23275, 24624, 1765, 17567, 13913, 16237, 15685, 25517, 22479, 18214, 11286, 22890, 4504, 53, 11109]

l7_bottom_50_ascending = [21771, 3150, 4675, 18403, 13836, 14648, 9943, 8251, 9859, 8304, 5351, 25793, 12547, 21478, 22209, 32328, 4813, 21939, 28997, 24766, 14713, 20273, 16296, 4698, 16943, 23773, 14700, 26608, 27001, 31758, 6359, 3680, 5572, 1530, 10280, 3699, 12258, 24475, 21907, 30727, 13753, 13893, 1256, 8759, 17015, 5484, 25450, 28678, 934, 15237]

l15_top_50_descending = [21002, 15811, 10059, 2103, 23759, 11459, 21444, 28588, 5714, 23544, 22152, 26319, 9523, 31239, 14599, 6185, 20621, 31730, 9550, 3599, 6357, 7300, 22091, 5321, 17410, 14478, 10969, 18287, 13087, 21689, 28839, 13787, 19297, 7716, 28858, 9861, 18604, 431, 14452, 28652, 16034, 7777, 16359, 6842, 2458, 31779, 18831, 5675, 24070, 32017]

l15_bottom_50_ascending = [16267, 17587, 9496, 25488, 15686, 4138, 6373, 5252, 18691, 17357, 19690, 20728, 24539, 11937, 31163, 6728, 21835, 29936, 26760, 20729, 3527, 27553, 4068, 18994, 16392, 26817, 1616, 6834, 24178, 22697, 18900, 6222, 12082, 2520, 31382, 4878, 31784, 10897, 30262, 18995, 24731, 27479, 15318, 132, 5277, 32699, 9980, 5182, 31174, 20844]

l23_top_50_descending = [5918, 21963, 17456, 22054, 10971, 32720, 17539, 2208, 30186, 17843, 21919, 24413, 11090, 22012, 29536, 5364, 17357, 32198, 13300, 31916, 23565, 14266, 12326, 20237, 12063, 2965, 24633, 18679, 32247, 11868, 518, 18572, 27858, 282, 5964, 10102, 25322, 4606, 8576, 21334, 2615, 10898, 12755, 29428, 1004, 6512, 27314, 5295, 23794, 13692]

l23_bottom_50_ascending = [445, 8355, 32365, 24779, 25914, 15272, 18477, 21738, 18151, 29359, 8182, 4551, 32144, 4316, 16584, 28737, 12354, 9132, 15834, 32532, 28957, 25246, 14558, 28548, 2876, 4700, 24811, 13487, 28859, 21305, 13594, 16506, 5160, 19688, 25338, 32182, 2605, 5897, 13059, 28905, 7430, 16692, 15403, 11432, 9873, 7215, 14837, 24009, 3617, 17230]