l7_top_50_descending_zero = [1054, 31365, 9345, 2098, 14176, 5365, 14416, 9463, 15224, 20414, 28259, 21771, 19880, 32629, 6720, 30768, 9384, 32391, 25205, 23809, 11352, 27971, 30878, 10352, 24295, 6520, 13666, 20603, 11422, 23451, 1599, 17523, 8488, 29066, 30893, 10236, 26876, 24643, 5058, 10583, 23275, 25517, 24624, 8056, 13913, 11286, 17567, 1475, 16237, 15685]

l7_bottom_50_ascending_zero = [31422, 9859, 8304, 7784, 9487, 3150, 12915, 17394, 13836, 14648, 26608, 18403, 8251, 5351, 25793, 12547, 10850, 21478, 22209, 32328, 4813, 21939, 28997, 23063, 24766, 14713, 20273, 27098, 18585, 16943, 4698, 23393, 23773, 22251, 14700, 10280, 31758, 27001, 3680, 5572, 1530, 3699, 12258, 24475, 30727, 21907, 5484, 13893, 8759, 1256]

l15_top_50_descending_zero = [17587, 16267, 2103, 19193, 21002, 15811, 10005, 10059, 16155, 23759, 11459, 21444, 28588, 5714, 16468, 25506, 9523, 23544, 22152, 31239, 14599, 6185, 13787, 31730, 20621, 6357, 18287, 22400, 9550, 3599, 22091, 18604, 10969, 17410, 14478, 20456, 13087, 28788, 21689, 19297, 5252, 28839, 23114, 11346, 9137, 28818, 28858, 7716, 31779, 9861]

l15_bottom_50_ascending_zero = [9496, 25488, 20728, 15686, 29936, 18691, 17357, 26817, 26760, 21835, 18531, 3527, 4068, 16392, 1616, 10897, 22697, 18900, 30262, 31382, 18995, 15318, 24731, 32146, 6129, 9980, 5182, 20844, 7078, 24080, 15390, 10578, 1446, 663, 26945, 8491, 9880, 3192, 4481, 4190, 16090, 5760, 25060, 6179, 1407, 4635, 25640, 11925, 21162, 25272]

l23_top_50_descending_zero = [25914, 9132, 5918, 16565, 21963, 17456, 10971, 22054, 22012, 29536, 17357, 17539, 2208, 30186, 13300, 445, 4700, 11090, 14558, 15272, 28859, 19952, 5364, 29352, 5964, 23565, 20915, 3698, 14266, 1004, 3617, 12063, 20233, 224, 12326, 18679, 12755, 30298, 11868, 21279, 23794, 27858, 8355, 10102, 25322, 21334, 10898, 29428, 24730, 8167]

l23_bottom_50_ascending_zero = [21738, 29359, 4551, 4316, 15834, 6614, 518, 28957, 28548, 21919, 13487, 2605, 32720, 15403, 24009, 17230, 25926, 86, 16657, 20867, 14880, 13128, 27258, 32515, 16849, 2353, 23859, 13505, 5691, 17410, 29357, 240, 141, 24320, 17569, 27112, 14335, 11898, 32247, 8995, 28725, 344, 9379, 17235, 11224, 23441, 4877, 28661, 24657, 32489]

