l7_top_50_descending = [25456, 23188, 319, 9771, 7890, 8128, 2312, 25995, 30966, 9488, 30995, 21225, 24324, 5422, 10850, 23938, 23542, 29530, 18094, 14032, 29999, 10694, 5887, 27626, 8137, 31354, 7606, 30513, 10301, 10492, 350, 26691, 4968, 18143, 7780, 13265, 5486, 1492, 19161, 12320, 19025, 20870, 1942, 2814, 10354, 14358, 30854, 14938, 31870, 26342]

l7_bottom_50_ascending = [10431, 761, 445, 15203, 8338, 621, 19563, 23517, 3379, 29250, 16182, 27527, 15757, 4597, 14711, 7807, 10645, 7533, 10673, 20330, 19167, 25632, 5045, 27113, 4109, 22771, 25343, 13962, 31486, 13544, 17945, 11713, 7769, 13704, 26400, 16603, 28188, 10804, 18271, 16331, 16942, 30174, 27415, 6152, 24296, 21297, 31120, 2654, 3499, 25440]

l15_top_50_descending = [18832, 18663, 32732, 17615, 7510, 24996, 17455, 20781, 20197, 31660, 14122, 10256, 9725, 12819, 898, 4118, 25474, 31444, 31673, 17909, 28514, 12624, 21870, 14040, 75, 636, 10499, 28974, 13415, 15907, 25158, 29751, 28081, 22295, 30322, 25362, 10635, 13899, 20580, 31748, 9702, 1452, 25548, 6273, 1199, 6185, 23278, 7142, 9233, 23142]

l15_bottom_50_ascending = [243, 21616, 2840, 1565, 700, 22805, 4526, 32591, 30616, 16133, 31632, 5292, 5972, 8552, 26128, 3069, 17318, 12742, 23228, 32252, 7882, 10684, 30358, 11145, 25929, 10024, 22897, 27474, 5217, 29985, 1451, 11556, 25878, 10080, 30520, 23274, 13670, 188, 7668, 11637, 31321, 25135, 30902, 701, 4199, 12194, 17393, 22658, 23400, 744]

l23_top_50_descending = [3838, 212, 30150, 24763, 19686, 4675, 18533, 15648, 10170, 22495, 2586, 17897, 18659, 14078, 28594, 16872, 28859, 10227, 11372, 4356, 22913, 17896, 6578, 12194, 13508, 29672, 11240, 14667, 5878, 7065, 26336, 32492, 17762, 18200, 3989, 12526, 1920, 1750, 7506, 2509, 24510, 26016, 20564, 13680, 9491, 22753, 25711, 32081, 32185, 11810]

l23_bottom_50_ascending = [24105, 22239, 7314, 15968, 27874, 10914, 30616, 8556, 17913, 16145, 4481, 8978, 14362, 25421, 20183, 25716, 28857, 18892, 30855, 28577, 16262, 26580, 585, 23960, 15789, 25782, 8034, 16307, 1977, 18559, 30946, 21161, 12508, 32286, 3517, 8180, 19502, 20025, 22104, 9581, 10636, 22368, 13104, 7865, 19825, 15518, 5383, 26983, 23423, 4733]
